{
  "Sona": 0.490168098,
  "LeBlanc": -0.42695541200000003,
  "Maokai": 0.40671464799999996,
  "Lux": 0.40545801299999995,
  "Ziggs": 0.383050648,
  "Ryze": -0.340917889,
  "Bard": -0.306804342,
  "Illaoi": 0.30152976600000003,
  "Veigar": 0.301233786,
  "Miss Fortune": 0.293430796,
  "Lee Sin": -0.2912821,
  "Kog'Maw": 0.289196474,
  "Kindred": -0.281605167,
  "Teemo": 0.280955406,
  "Sion": 0.28058864,
  "Nidalee": -0.27109334399999996,
  "Rek'Sai": -0.269458253,
  "Dr. Mundo": 0.261987568,
  "Evelynn": -0.25609771600000003,
  "Jayce": -0.25601108899999997,
  "Brand": 0.2559587,
  "Sivir": 0.24526081800000002,
  "Fiddlesticks": 0.244094632,
  "Azir": -0.242722208,
  "Janna": 0.233385652,
  "Zyra": 0.22194550300000002,
  "Quinn": -0.21621515600000002,
  "Nunu": -0.21571113,
  "Swain": 0.21439256399999998,
  "Garen": 0.213296232,
  "Jhin": 0.212941622,
  "Tahm Kench": -0.212235695,
  "Master Yi": 0.202329796,
  "Wukong": 0.199573455,
  "Zoe": -0.198541555,
  "Heimerdinger": 0.1966018,
  "Elise": -0.196545086,
  "Kennen": -0.19488155699999998,
  "Rengar": -0.18865261,
  "Yorick": 0.186921936,
  "Taliyah": -0.18537903,
  "Trundle": 0.18283248800000002,
  "Kayn": -0.18251420399999999,
  "Sejuani": -0.17780612699999998,
  "Volibear": 0.177093353,
  "Hecarim": -0.17325733699999998,
  "Karthus": 0.17302021399999998,
  "Camille": -0.16903635399999997,
  "Ashe": 0.16634052300000002,
  "Lissandra": -0.164966121,
  "Kha'Zix": -0.161800897,
  "Jinx": 0.158954094,
  "Yasuo": 0.155924337,
  "Kalista": -0.155814655,
  "Malzahar": 0.149525832,
  "Morgana": 0.149058627,
  "Akali": -0.148392487,
  "Galio": 0.14720704199999998,
  "Syndra": -0.144178552,
  "Poppy": -0.140415065,
  "Zac": -0.138633378,
  "Nasus": 0.138059089,
  "Lucian": -0.137594073,
  "Rumble": -0.137190449,
  "Corki": -0.13556600000000002,
  "Vayne": -0.134566831,
  "Ekko": 0.130667287,
  "Kai'Sa": -0.129446497,
  "Ivern": -0.127639316,
  "Lulu": -0.12634747699999999,
  "Thresh": -0.122610905,
  "Katarina": -0.122360574,
  "Darius": 0.114610058,
  "Nautilus": 0.113705642,
  "Mordekaiser": -0.11070517099999999,
  "Caitlyn": 0.109931162,
  "Tristana": -0.107581145,
  "Pantheon": -0.10587366,
  "Gragas": -0.104486952,
  "Amumu": 0.103497619,
  "Rakan": -0.09999996800000001,
  "Udyr": -0.09816127300000001,
  "Alistar": 0.097626324,
  "Soraka": -0.096683565,
  "Gangplank": -0.09218975800000001,
  "Taric": 0.092050685,
  "Shaco": 0.089645006,
  "Nami": 0.08469724099999999,
  "Vel'Koz": 0.082016023,
  "Braum": -0.077582191,
  "Kassadin": -0.074939874,
  "Vi": -0.07493170099999999,
  "Urgot": 0.07352487,
  "Shyvana": -0.069290857,
  "Nocturne": -0.068247926,
  "Twisted Fate": 0.066362697,
  "Draven": -0.06223685,
  "Graves": 0.061905827999999996,
  "Annie": 0.061025718,
  "Jax": 0.05831622400000001,
  "Zilean": -0.05722669,
  "Zed": -0.056128660999999996,
  "Shen": -0.054655490999999994,
  "Warwick": -0.051601312999999996,
  "Rammus": -0.050976424000000006,
  "Pyke": -0.050677917,
  "Ornn": -0.0454028,
  "Ezreal": -0.045311225,
  "Aatrox": -0.04486499,
  "Talon": 0.042901515999999994,
  "Riven": -0.04226195,
  "Xayah": -0.037040248,
  "Fiora": 0.036034764,
  "Vladimir": -0.033199997,
  "Tryndamere": -0.032547124,
  "Jarvan IV": 0.031830466,
  "Ahri": 0.031531582999999995,
  "Viktor": 0.030154577000000002,
  "Leona": 0.030023507999999997,
  "Diana": -0.029900875,
  "Gnar": -0.029145146,
  "Malphite": 0.028564081,
  "Kayle": -0.027836624,
  "Kled": -0.024972018,
  "Aurelion Sol": -0.024760288999999998,
  "Twitch": -0.024646643,
  "Cho'Gath": 0.023199473999999998,
  "Karma": -0.021962365,
  "Anivia": -0.021545677000000003,
  "Orianna": 0.020659666,
  "Xin Zhao": 0.02024036,
  "Fizz": -0.018991884,
  "Cassiopeia": 0.017598987,
  "Blitzcrank": -0.014958881,
  "Olaf": -0.013261091000000001,
  "Varus": 0.012494797,
  "Irelia": -0.0115826,
  "Singed": -0.006564565,
  "Xerath": 0.006213877,
  "Skarner": 0.004848661,
  "Renekton": 0.001270167
}